--- Distribution Summary for Ragas Metrics ---

                              count      mean       std       min       25%       50%       75%       max
clean_metric_type     model                                                                              
Context Recall        RAG     280.0  0.710092  0.429108  0.000000  0.128882  1.000000  1.000000  1.000000
                      FT+RAG  280.0  0.618914  0.460771  0.000000  0.000000  1.000000  1.000000  1.000000
Context Relevance     RAG     280.0  0.221429  0.375774  0.000000  0.000000  0.000000  0.500000  1.000000
                      FT+RAG  280.0  0.155357  0.329912  0.000000  0.000000  0.000000  0.000000  1.000000
Response Groundedness RAG     280.0  0.216071  0.354453  0.000000  0.000000  0.000000  0.500000  1.000000
                      FT+RAG  280.0  0.131250  0.267667  0.000000  0.000000  0.000000  0.000000  1.000000
Answer Relevancy      BASE    280.0  0.752720  0.139619  0.000000  0.694238  0.770191  0.835024  1.000000
                      FT      280.0  0.782117  0.111193  0.000000  0.724493  0.785959  0.850672  1.000000
                      RAG     280.0  0.770222  0.185274  0.000000  0.701783  0.791774  0.880898  1.000000
                      FT+RAG  280.0  0.762284  0.175103  0.000000  0.710841  0.790422  0.856083  1.000000
Semantic Similarity   BASE    280.0  0.577398  0.199244  0.138165  0.409784  0.483155  0.795155  0.901110
                      FT      280.0  0.695429  0.175961  0.322604  0.530448  0.775465  0.833957  0.934940
                      RAG     280.0  0.684509  0.198872  0.225098  0.474151  0.763483  0.858768  0.942931
                      FT+RAG  280.0  0.747958  0.171088  0.140563  0.671176  0.808793  0.873761  0.954123
BLEU Score            BASE    280.0  0.042642  0.036700  0.000000  0.018440  0.031402  0.057380  0.227701
                      FT      280.0  0.085952  0.095391  0.000000  0.035433  0.058307  0.096673  1.000000
                      RAG     280.0  0.099041  0.102572  0.000000  0.032338  0.066460  0.124296  0.615575
                      FT+RAG  280.0  0.108206  0.116805  0.000000  0.038226  0.067739  0.130492  0.882497
ROUGE-L F1            BASE    280.0  0.164576  0.088962  0.004751  0.103388  0.161201  0.208323  0.571429
                      FT      280.0  0.206758  0.100771  0.000308  0.143942  0.197167  0.255515  0.673469
                      RAG     280.0  0.258575  0.134911  0.004582  0.159404  0.243105  0.332690  0.643902
                      FT+RAG  280.0  0.280040  0.148286  0.000000  0.184462  0.253118  0.359845  0.848780
ROUGE-L Precision     BASE    280.0  0.118369  0.086040  0.002381  0.062351  0.104317  0.151218  0.565217
                      FT      280.0  0.182351  0.129313  0.000154  0.095415  0.153333  0.233937  1.000000
                      RAG     280.0  0.205650  0.130431  0.002296  0.116242  0.193312  0.261078  0.800000
                      FT+RAG  280.0  0.235111  0.147216  0.000000  0.122412  0.208029  0.312338  0.887755
ROUGE-L Recall        BASE    280.0  0.441725  0.172885  0.004310  0.333333  0.410608  0.523810  1.000000
                      FT      280.0  0.376584  0.185296  0.026316  0.253624  0.348825  0.451872  1.000000
                      RAG     280.0  0.544505  0.242297  0.005168  0.352669  0.538462  0.732010  1.000000
                      FT+RAG  280.0  0.479723  0.227702  0.000000  0.303261  0.444097  0.625801  1.000000